# ============================================
# INSTANCE: Suffolk, Virginia
# ============================================
# Real-world instance for drone-assisted rural delivery
# 104 customers, 270 road network nodes
#
# Problem: Vehicle routing with drone delivery
# Coordinates: Latitude/Longitude (decimal degrees)
# Distances: Feet
# Time: Minutes
# ============================================

# ============================================
# PROBLEM PARAMETERS
# ============================================

# Drone parameters
let flightTime := 30;                    # Maximum drone flight time (minutes)
let droneSpeed := 5720;                  # Drone airspeed (ft/min)
let droneServiceTime[1] := 0.083;        # Takeoff time (minutes)
let droneServiceTime[2] := 0.5;          # Customer service time (minutes)
let droneServiceTime[3] := 0.083;        # Landing time (minutes)

# Vehicle parameters
let vehicleSpeed[1] := 3080;             # Primary road speed (ft/min)
let vehicleSpeed[2] := 2200;             # Secondary road speed (ft/min)
let vehicleSpeed[3] := 880;              # Private road speed (ft/min)

# Algorithm parameters
let StepSize := 84;                      # Discretization step for launch/retrieval points (feet)

# ============================================
# NETWORK SIZE
# ============================================
let n := 270;                            # Number of road network nodes
let customers := 104;                    # Number of customers

# ============================================
# CUSTOMER COORDINATES (Latitude/Longitude)
# ============================================
param :   Xc              Yc           :=
1	-76.63497639	36.78413782
2	-76.63507741	36.78396861
3	-76.63520115	36.78374171
4	-76.63529767	36.7834754
5	-76.63543543	36.78316825
6	-76.63554215	36.78297147
7	-76.63565532	36.7826963
8	-76.63446045	36.78402011
9	-76.63461267	36.783801
10	-76.63472988	36.78353631
11	-76.63486618	36.78321056
12	-76.635	36.78299487
13	-76.635112	36.78260212
14	-76.63584258	36.78232608
15	-76.6353501	36.7821679
16	-76.63541358	36.78187394
17	-76.63485808	36.78209649
18	-76.63426922	36.78228617
19	-76.63464038	36.78265884
20	-76.63424021	36.78264236
21	-76.63593945	36.78169898
22	-76.63595042	36.78138604
23	-76.63597072	36.78116043
24	-76.63597152	36.78086877
25	-76.63543822	36.78156394
26	-76.63544008	36.78130371
27	-76.63541441	36.78098597
28	-76.63539882	36.7806979
29	-76.63482484	36.78186159
30	-76.63483833	36.78157745
31	-76.63485608	36.78135421
32	-76.63482181	36.78099753
33	-76.63482695	36.78076087
34	-76.63485001	36.78048194
35	-76.63429268	36.78195249
36	-76.6342948	36.78137999
37	-76.63429921	36.78111198
38	-76.63428603	36.78071785
39	-76.63429384	36.78054182
40	-76.63437611	36.78007778
41	-76.63400609	36.78007638
42	-76.6336906	36.78007256
43	-76.63271643	36.78950428
44	-76.63250138	36.79007583
45	-76.63127594	36.78980538
46	-76.63086394	36.79019439
47	-76.6310749	36.79079811
48	-76.6304381	36.79099289
49	-76.6301032	36.79145861
50	-76.64810285	36.79212863
51	-76.64876399	36.7966542
52	-76.64854122	36.79777737
53	-76.64618495	36.79584421
54	-76.64965774	36.79609213
55	-76.64698277	36.79187244
56	-76.64314143	36.79528785
57	-76.6424382	36.79406346
58	-76.64044871	36.79647579
59	-76.63993216	36.79580501
60	-76.63979693	36.79670573
61	-76.63938019	36.79625367
62	-76.64079324	36.79458561
63	-76.64009578	36.79481215
64	-76.63971889	36.79497346
65	-76.63941602	36.7953606
66	-76.6385238	36.79565442
67	-76.64326362	36.79911528
68	-76.65130532	36.80103117
69	-76.65057228	36.80175953
70	-76.64794511	36.80260666
71	-76.64565546	36.80377038
72	-76.65459768	36.80165924
73	-76.65439197	36.80070748
74	-76.65603265	36.80106311
75	-76.65498641	36.79869499
76	-76.65377606	36.79792139
77	-76.65483527	36.79668224
78	-76.63490908	36.78000758
79	-76.65866106	36.79166539
80	-76.65898167	36.79080239
81	-76.65837198	36.79259493
82	-76.65762618	36.79354001
83	-76.65934	36.79500132
84	-76.65678017	36.79458965
85	-76.65741661	36.79401368
86	-76.65580112	36.79472103
87	-76.65317242	36.80634475
88	-76.63428536	36.78155379
89	-76.64893438	36.79715242
90	-76.6431007	36.78455121
91	-76.64318246	36.78376045
92	-76.64844995	36.79388601
93	-76.64481272	36.78245346
94	-76.65633595	36.80004245
95	-76.64388302	36.78197552
96	-76.64373491	36.78201512
97	-76.64361471	36.78205206
98	-76.65325873	36.79537307
99	-76.65415525	36.79578353
100	-76.65439885	36.79492441
101	-76.6475476	36.79850898
102	-76.64404223	36.78193522
103	-76.64169832	36.79431379
104	-76.65620607	36.79737681
;

# ============================================
# ROAD NETWORK NODE COORDINATES (Latitude/Longitude)
# ============================================
param :   Xv              Yv           :=
1	-76.61792335	36.77590404
2	-76.63934335	36.7957422
3	-76.6395055	36.79593062
4	-76.64001859	36.79653764
5	-76.6403651	36.79694758
6	-76.64052568	36.79708028
7	-76.64111524	36.79727644
8	-76.64156291	36.79754793
9	-76.64168712	36.79777654
10	-76.64200452	36.79862562
11	-76.64253153	36.79914493
12	-76.64270645	36.79945864
13	-76.64291537	36.79993189
14	-76.63338879	36.78031378
15	-76.63374704	36.7803092
16	-76.63381095	36.78030838
17	-76.63393539	36.78030789
18	-76.63445661	36.78030583
19	-76.63455015	36.78030546
20	-76.63462429	36.78030571
21	-76.6350892	36.78032776
22	-76.6345514	36.78044192
23	-76.63455194	36.78050111
24	-76.63455384	36.78071091
25	-76.63455595	36.78094253
26	-76.63455747	36.78110889
27	-76.63456007	36.78139514
28	-76.63456106	36.78150321
29	-76.63456394	36.78181975
30	-76.63456488	36.78192269
31	-76.63456665	36.78211759
32	-76.65943836	36.78937873
33	-76.65963048	36.79004792
34	-76.65940393	36.79081233
35	-76.6591115	36.79167089
36	-76.65877497	36.79266814
37	-76.65858321	36.7932326
38	-76.65839116	36.79364577
39	-76.65783493	36.79441899
40	-76.65764747	36.79466386
41	-76.65724704	36.79518694
42	-76.65674997	36.79582916
43	-76.65641627	36.79625848
44	-76.65619908	36.79653947
45	-76.65599341	36.79687106
46	-76.65592116	36.79728049
47	-76.65588473	36.79774451
48	-76.65578468	36.79901235
49	-76.65572008	36.79979513
50	-76.65571617	36.79984621
51	-76.65565501	36.80068026
52	-76.65564365	36.80082318
53	-76.65558827	36.80182528
54	-76.6556991	36.8022824
55	-76.65649644	36.80391299
56	-76.6566444	36.80471336
57	-76.65680556	36.80628643
58	-76.65698112	36.80739628
59	-76.63341852	36.78243917
60	-76.63425712	36.78243649
61	-76.63456954	36.78243549
62	-76.63465326	36.78243477
63	-76.63517093	36.78243033
64	-76.62282121	36.78173924
65	-76.62383309	36.78079478
66	-76.62421403	36.78049776
67	-76.62451701	36.78026152
68	-76.62479656	36.78007099
69	-76.62627883	36.7789141
70	-76.62708217	36.77846678
71	-76.6278269	36.77817991
72	-76.6291418	36.77775996
73	-76.6303184	36.77754727
74	-76.63141208	36.77723435
75	-76.63186499	36.77700874
76	-76.63266411	36.7764528
77	-76.63353177	36.7893631
78	-76.63333656	36.78938472
79	-76.63312208	36.78954542
80	-76.63279239	36.7901395
81	-76.63257077	36.79038487
82	-76.63212682	36.7906247
83	-76.63201092	36.79066903
84	-76.63177895	36.79077678
85	-76.63154032	36.79096781
86	-76.63122253	36.79126156
87	-76.63046781	36.79168676
88	-76.62886459	36.79247342
89	-76.62590565	36.79403329
90	-76.62563931	36.7943065
91	-76.62528154	36.79482412
92	-76.63661461	36.79623944
93	-76.6384827	36.79530157
94	-76.63949068	36.79478922
95	-76.64003825	36.79451363
96	-76.64057447	36.79429154
97	-76.64162868	36.7939228
98	-76.64233091	36.79370173
99	-76.64267254	36.79359416
100	-76.64415896	36.79321831
101	-76.64528411	36.79312516
102	-76.63317264	36.78382737
103	-76.63314768	36.78421027
104	-76.63324234	36.78549772
105	-76.6332552	36.78566265
106	-76.63328621	36.786098
107	-76.63329357	36.7862274
108	-76.63329806	36.78628632
109	-76.63330037	36.78631655
110	-76.63330999	36.78644259
111	-76.63332071	36.78658314
112	-76.63334058	36.78684352
113	-76.63337773	36.78732945
114	-76.63343211	36.78803504
115	-76.63346523	36.7884723
116	-76.63349512	36.78887245
117	-76.63357683	36.7899438
118	-76.63366909	36.79118839
119	-76.63369302	36.79147197
120	-76.63372743	36.79169747
121	-76.63390438	36.79207135
122	-76.63419784	36.79245111
123	-76.6354684	36.79409609
124	-76.63580774	36.79459963
125	-76.63596393	36.79489542
126	-76.64515365	36.80340788
127	-76.64510374	36.80325741
128	-76.64512893	36.80314152
129	-76.64563564	36.80264526
130	-76.64572072	36.80239754
131	-76.64586208	36.80223715
132	-76.64643347	36.80198204
133	-76.6469471	36.80194299
134	-76.64724695	36.801774
135	-76.64754776	36.80151858
136	-76.64803158	36.80141791
137	-76.64825023	36.80124379
138	-76.6484461	36.8011671
139	-76.64985636	36.80060759
140	-76.65077752	36.80021992
141	-76.6520175	36.799697
142	-76.65226837	36.79963101
143	-76.6689656	36.7914487
144	-76.6690647	36.79130533
145	-76.67248019	36.78861487
146	-76.67378851	36.78768601
147	-76.67407206	36.78749912
148	-76.67470328	36.78708638
149	-76.67475925	36.78704997
150	-76.67510459	36.78682482
151	-76.67525566	36.78672385
152	-76.67593021	36.78621243
153	-76.67593042	36.78621227
154	-76.67645789	36.78579351
155	-76.67653385	36.7857332
156	-76.67681163	36.78551011
157	-76.67737952	36.78505401
158	-76.67739124	36.7850446
159	-76.67799651	36.78451572
160	-76.6785588	36.78401117
161	-76.67867784	36.7838949
162	-76.67887168	36.78368762
163	-76.6792536	36.78315742
164	-76.67971239	36.78258673
165	-76.68009072	36.78231243
166	-76.68086888	36.78190624
167	-76.68181656	36.78133839
168	-76.68282576	36.78073106
169	-76.68420661	36.77986119
170	-76.68484367	36.77933188
171	-76.68500103	36.77920113
172	-76.68542267	36.7787063
173	-76.68571916	36.77816008
174	-76.63271757	36.77650104
175	-76.63286329	36.77724097
176	-76.63301591	36.77765522
177	-76.633317	36.77837246
178	-76.63338307	36.77871341
179	-76.63339429	36.77901454
180	-76.63338891	36.77933688
181	-76.63338308	36.77980441
182	-76.63339634	36.78085347
183	-76.63339833	36.78099587
184	-76.63340423	36.78141731
185	-76.63340815	36.78169799
186	-76.63340955	36.78179792
187	-76.63341377	36.7820996
188	-76.6333955	36.78264263
189	-76.63332144	36.78329748
190	-76.63882123	36.79512615
191	-76.62077041	36.77762202
192	-76.62135864	36.77797696
193	-76.62323435	36.77911115
194	-76.62325857	36.7791258
195	-76.62329009	36.77914486
196	-76.62372573	36.77940871
197	-76.62524581	36.78033
198	-76.62566084	36.780579
199	-76.62591887	36.78073572
200	-76.6269202	36.78134279
201	-76.62798872	36.78192968
202	-76.62906718	36.78237815
203	-76.62975016	36.78262152
204	-76.63102787	36.7830673
205	-76.63199309	36.78340539
206	-76.63437647	36.78424416
207	-76.63463565	36.78433208
208	-76.63504199	36.78446529
209	-76.63576504	36.78465427
210	-76.63710483	36.78490705
211	-76.63755886	36.78498975
212	-76.63799656	36.78507157
213	-76.64103367	36.78563924
214	-76.64289106	36.78598493
215	-76.64379673	36.7861544
216	-76.64468847	36.7863212
217	-76.64539074	36.78645256
218	-76.64568542	36.78650768
219	-76.64641313	36.78664378
220	-76.64758432	36.78686258
221	-76.64836942	36.7870092
222	-76.6500934	36.78734761
223	-76.6508519	36.78751222
224	-76.65092553	36.78752819
225	-76.65174841	36.78770663
226	-76.65210963	36.78778495
227	-76.65227497	36.78782088
228	-76.65435574	36.78827359
229	-76.65625831	36.78868738
230	-76.65641271	36.78872095
231	-76.65951395	36.78939516
232	-76.66481285	36.79054646
233	-76.66490042	36.79056549
234	-76.66628809	36.790867
235	-76.67256397	36.79222934
236	-76.67555748	36.79287974
237	-76.6759449	36.79296391
238	-76.67932853	36.79369937
239	-76.64303061	36.78546516
240	-76.64312551	36.78514616
241	-76.64325381	36.78468759
242	-76.6434591	36.78398346
243	-76.63563781	36.7805171
244	-76.63567539	36.78065575
245	-76.63567536	36.78070345
246	-76.63567513	36.78101715
247	-76.63567495	36.78124998
248	-76.63567469	36.78160698
249	-76.63567465	36.78165913
250	-76.63565582	36.78177769
251	-76.63560598	36.7820914
252	-76.63560474	36.78209515
253	-76.63549527	36.78242754
254	-76.6353914	36.78265768
255	-76.63527171	36.78292286
256	-76.63521072	36.78305799
257	-76.63513824	36.78321857
258	-76.63509389	36.78331684
259	-76.63494674	36.78364285
260	-76.63483346	36.78389382
261	-76.63476786	36.78403971
262	-76.63471488	36.78415688
263	-76.64287776	36.80021219
264	-76.65719875	36.80861544
265	-76.63466936	36.77573129
266	-76.62480036	36.79577382
267	-76.64534652	36.79312444
268	-76.68696555	36.77487456
269	-76.68670584	36.79530011
270	-76.64369836	36.7831393
;

# ============================================
# ARC DISTANCES (Feet)
# ============================================
param cost2 :=
[1, 191]	1042.383383
[191, 192]	215.3605667
[192, 193]	687.2481361
[193, 194]	8.878242221
[194, 195]	11.54789027
[195, 196]	159.707457
[196, 68]	395.5990422
[68, 197]	161.8780769
[197, 198]	151.6358257
[198, 199]	94.6912815
[199, 200]	367.2211742
[200, 201]	378.9277978
[201, 202]	355.552708
[202, 203]	218.7689298
[203, 204]	407.8725865
[204, 205]	308.3124944
[205, 102]	378.0665791
[102, 206]	383.8235412
[206, 207]	82.37461002
[207, 208]	128.5043196
[208, 209]	222.6468162
[209, 210]	403.0104224
[210, 211]	136.331156
[211, 212]	131.5982371
[212, 213]	913.120044
[213, 214]	558.3097778
[214, 215]	272.3065794
[215, 216]	268.1139761
[216, 217]	211.1463031
[217, 218]	88.59913174
[218, 219]	218.7926349
[219, 220]	352.1087296
[220, 221]	236.0300885
[221, 222]	519.6770152
[222, 223]	230.0646345
[223, 224]	22.33075171
[224, 225]	249.5806084
[225, 226]	109.5563462
[226, 227]	50.15419423
[227, 228]	631.235037
[228, 229]	577.1584569
[229, 230]	46.83859912
[230, 32]	917.8205594
[32, 231]	22.92863407
[231, 232]	1607.319443
[232, 233]	26.56221195
[233, 234]	420.9213031
[234, 143]	812.1570406
[143, 235]	1091.357523
[235, 236]	907.996818
[236, 237]	117.5126664
[237, 238]	1026.345499
[238, 269]	2237.441324
[64, 65]	453.9420313
[65, 66]	155.3749595
[66, 67]	123.5773119
[67, 68]	107.3108947
[68, 69]	604.8742713
[69, 70]	286.1484595
[70, 71]	241.8338869
[71, 72]	414.3493862
[72, 73]	353.1975359
[73, 74]	339.9780238
[74, 75]	156.0241048
[75, 76]	309.4322139
[76, 265]	643.3842584
[102, 103]	139.6001054
[103, 104]	469.5605105
[104, 105]	60.16652363
[105, 106]	158.7655811
[106, 107]	47.16298709
[107, 108]	21.49037663
[108, 109]	11.02861539
[109, 110]	45.97419036
[110, 111]	51.27113378
[111, 112]	94.97983695
[112, 113]	177.2543111
[113, 114]	257.38905
[114, 115]	159.4955447
[115, 116]	145.9533013
[116, 77]	178.9591952
[77, 117]	211.8364159
[117, 118]	453.9452917
[118, 119]	103.4832954
[119, 120]	82.72029493
[120, 121]	145.6507953
[121, 122]	162.7948053
[122, 123]	705.0676956
[123, 124]	208.5288966
[124, 125]	117.0032055
[125, 92]	525.1240147
[143, 144]	59.72213009
[144, 145]	1399.958604
[145, 146]	511.0370184
[146, 147]	107.3536252
[147, 148]	238.2261319
[148, 149]	21.08163671
[149, 150]	130.1817482
[150, 151]	57.51859722
[151, 152]	271.4648898
[152, 153]	0.084344016
[153, 154]	217.0420231
[154, 155]	31.25394263
[155, 156]	114.95879
[156, 157]	235.0186939
[157, 158]	4.848930101
[158, 159]	261.7212651
[159, 160]	246.7024609
[160, 161]	54.83877316
[161, 162]	94.434753
[162, 163]	223.1047021
[163, 164]	247.4362563
[164, 165]	149.1652354
[165, 166]	271.6727334
[166, 167]	346.0863238
[167, 168]	369.1224942
[168, 169]	513.6647724
[169, 170]	268.2347533
[170, 171]	66.26109477
[171, 172]	218.4185978
[172, 173]	217.0016696
[173, 268]	1250.674032
[76, 174]	23.52730882
[174, 175]	272.7584279
[175, 176]	157.3092417
[176, 177]	275.6228168
[177, 178]	125.6340904
[178, 179]	109.6861202
[179, 180]	117.3716002
[180, 181]	170.2287184
[181, 14]	185.4611659
[14, 182]	196.508987
[182, 183]	51.8490406
[183, 184]	153.4499679
[184, 185]	102.1955947
[185, 186]	36.38662803
[186, 187]	109.846234
[187, 59]	123.6382728
[59, 188]	74.3827336
[188, 189]	239.4084764
[189, 102]	197.7869459
[14, 15]	104.934021
[15, 16]	18.7191352
[16, 17]	36.44408674
[17, 18]	152.6513497
[18, 19]	27.39815831
[19, 20]	21.71367672
[20, 21]	136.3952609
[21, 243]	174.8339132
[19, 22]	49.68364992
[22, 23]	21.55056006
[23, 24]	76.38868563
[24, 25]	84.33090044
[25, 26]	60.57140589
[26, 27]	104.224613
[27, 28]	39.34838757
[28, 29]	115.2493814
[29, 30]	37.47857401
[30, 31]	70.96468935
[31, 61]	115.7459476
[32, 33]	250.0550086
[33, 34]	286.1068472
[34, 35]	324.1067021
[35, 36]	376.2217759
[36, 37]	213.0473841
[37, 38]	160.5969761
[38, 39]	325.2413276
[39, 40]	104.6970196
[40, 41]	223.6472711
[41, 42]	275.4244684
[42, 43]	184.3370774
[43, 44]	120.4599459
[44, 45]	134.9128382
[45, 46]	150.564519
[46, 47]	169.2782028
[47, 48]	462.5356853
[48, 49]	285.6253624
[49, 50]	18.63355982
[50, 51]	304.1926444
[51, 52]	52.14290311
[52, 53]	365.2118196
[53, 54]	169.5664309
[54, 55]	637.928416
[55, 56]	294.6064023
[56, 57]	574.6779403
[57, 58]	407.3375152
[58, 264]	448.4304342
[59, 60]	245.5974062
[60, 61]	91.49867264
[61, 62]	24.51874251
[62, 63]	151.6157817
[63, 253]	94.99160654
[77, 78]	57.70460946
[78, 79]	85.83691646
[79, 80]	236.8647596
[80, 81]	110.4191136
[81, 82]	156.6067827
[82, 83]	37.58099553
[83, 84]	78.44244977
[84, 85]	98.59418613
[85, 86]	141.7655554
[86, 87]	269.8306828
[87, 88]	549.9362019
[88, 89]	1035.985119
[89, 90]	126.4008326
[90, 91]	215.6199373
[91, 266]	373.3768546
[92, 93]	644.8321187
[93, 190]	117.9202387
[190, 94]	231.2455965
[94, 95]	189.1460616
[95, 96]	176.6107655
[96, 97]	336.6233598
[97, 98]	220.819711
[98, 99]	107.430233
[99, 100]	456.2593744
[100, 101]	331.2075957
[101, 267]	18.27698525
[126, 127]	56.7010441
[127, 128]	42.83369704
[128, 129]	233.786591
[129, 130]	93.56737486
[130, 131]	71.57554423
[131, 132]	191.3510465
[132, 133]	151.0554675
[133, 134]	107.2048853
[134, 135]	128.0821225
[135, 136]	146.3233986
[136, 137]	90.09558732
[137, 138]	63.78398046
[138, 139]	460.4317721
[139, 140]	304.4096101
[140, 141]	409.9549323
[141, 142]	77.28147772
[142, 49]	1012.416485
[214, 239]	193.6020326
[239, 240]	119.4238322
[240, 241]	171.132634
[241, 242]	263.320232
[242, 270]	315.2336677
[243, 244]	51.66491739
[244, 245]	17.36717944
[245, 246]	114.2157857
[246, 247]	84.76807455
[247, 248]	129.9797961
[248, 249]	18.98787698
[249, 250]	43.51452016
[250, 251]	115.1474612
[251, 252]	1.411853904
[252, 253]	125.1955404
[253, 254]	89.1412915
[254, 255]	102.7159629
[255, 256]	52.33901678
[256, 257]	62.19819117
[257, 258]	38.06409021
[258, 259]	126.2761935
[259, 260]	97.21198798
[260, 261]	56.48485856
[261, 262]	45.39256739
[262, 207]	67.87701582
[190, 2]	271.4473293
[2, 3]	83.42935246
[3, 4]	267.2380002
[4, 5]	180.4736274
[5, 6]	67.41821448
[6, 7]	186.8158435
[7, 8]	164.1747415
[8, 9]	90.8310035
[9, 10]	322.8090148
[10, 11]	244.0495883
[11, 12]	125.1734047
[12, 13]	182.840785
[13, 263]	102.6455779
[191, 1]	1042.383383
[192, 191]	215.3605667
[193, 192]	687.2481361
[194, 193]	8.878242221
[195, 194]	11.54789027
[196, 195]	159.707457
[68, 196]	395.5990422
[197, 68]	161.8780769
[198, 197]	151.6358257
[199, 198]	94.6912815
[200, 199]	367.2211742
[201, 200]	378.9277978
[202, 201]	355.552708
[203, 202]	218.7689298
[204, 203]	407.8725865
[205, 204]	308.3124944
[102, 205]	378.0665791
[206, 102]	383.8235412
[207, 206]	82.37461002
[208, 207]	128.5043196
[209, 208]	222.6468162
[210, 209]	403.0104224
[211, 210]	136.331156
[212, 211]	131.5982371
[213, 212]	913.120044
[214, 213]	558.3097778
[215, 214]	272.3065794
[216, 215]	268.1139761
[217, 216]	211.1463031
[218, 217]	88.59913174
[219, 218]	218.7926349
[220, 219]	352.1087296
[221, 220]	236.0300885
[222, 221]	519.6770152
[223, 222]	230.0646345
[224, 223]	22.33075171
[225, 224]	249.5806084
[226, 225]	109.5563462
[227, 226]	50.15419423
[228, 227]	631.235037
[229, 228]	577.1584569
[230, 229]	46.83859912
[32, 230]	917.8205594
[231, 32]	22.92863407
[232, 231]	1607.319443
[233, 232]	26.56221195
[234, 233]	420.9213031
[143, 234]	812.1570406
[235, 143]	1091.357523
[236, 235]	907.996818
[237, 236]	117.5126664
[238, 237]	1026.345499
[269, 238]	2237.441324
[65, 64]	453.9420313
[66, 65]	155.3749595
[67, 66]	123.5773119
[68, 67]	107.3108947
[69, 68]	604.8742713
[70, 69]	286.1484595
[71, 70]	241.8338869
[72, 71]	414.3493862
[73, 72]	353.1975359
[74, 73]	339.9780238
[75, 74]	156.0241048
[76, 75]	309.4322139
[265, 76]	643.3842584
[103, 102]	139.6001054
[104, 103]	469.5605105
[105, 104]	60.16652363
[106, 105]	158.7655811
[107, 106]	47.16298709
[108, 107]	21.49037663
[109, 108]	11.02861539
[110, 109]	45.97419036
[111, 110]	51.27113378
[112, 111]	94.97983695
[113, 112]	177.2543111
[114, 113]	257.38905
[115, 114]	159.4955447
[116, 115]	145.9533013
[77, 116]	178.9591952
[117, 77]	211.8364159
[118, 117]	453.9452917
[119, 118]	103.4832954
[120, 119]	82.72029493
[121, 120]	145.6507953
[122, 121]	162.7948053
[123, 122]	705.0676956
[124, 123]	208.5288966
[125, 124]	117.0032055
[92, 125]	525.1240147
[144, 143]	59.72213009
[145, 144]	1399.958604
[146, 145]	511.0370184
[147, 146]	107.3536252
[148, 147]	238.2261319
[149, 148]	21.08163671
[150, 149]	130.1817482
[151, 150]	57.51859722
[152, 151]	271.4648898
[153, 152]	0.084344016
[154, 153]	217.0420231
[155, 154]	31.25394263
[156, 155]	114.95879
[157, 156]	235.0186939
[158, 157]	4.848930101
[159, 158]	261.7212651
[160, 159]	246.7024609
[161, 160]	54.83877316
[162, 161]	94.434753
[163, 162]	223.1047021
[164, 163]	247.4362563
[165, 164]	149.1652354
[166, 165]	271.6727334
[167, 166]	346.0863238
[168, 167]	369.1224942
[169, 168]	513.6647724
[170, 169]	268.2347533
[171, 170]	66.26109477
[172, 171]	218.4185978
[173, 172]	217.0016696
[268, 173]	1250.674032
[174, 76]	23.52730882
[175, 174]	272.7584279
[176, 175]	157.3092417
[177, 176]	275.6228168
[178, 177]	125.6340904
[179, 178]	109.6861202
[180, 179]	117.3716002
[181, 180]	170.2287184
[14, 181]	185.4611659
[182, 14]	196.508987
[183, 182]	51.8490406
[184, 183]	153.4499679
[185, 184]	102.1955947
[186, 185]	36.38662803
[187, 186]	109.846234
[59, 187]	123.6382728
[188, 59]	74.3827336
[189, 188]	239.4084764
[102, 189]	197.7869459
[15, 14]	104.934021
[16, 15]	18.7191352
[17, 16]	36.44408674
[18, 17]	152.6513497
[19, 18]	27.39815831
[20, 19]	21.71367672
[21, 20]	136.3952609
[243, 21]	174.8339132
[22, 19]	49.68364992
[23, 22]	21.55056006
[24, 23]	76.38868563
[25, 24]	84.33090044
[26, 25]	60.57140589
[27, 26]	104.224613
[28, 27]	39.34838757
[29, 28]	115.2493814
[30, 29]	37.47857401
[31, 30]	70.96468935
[61, 31]	115.7459476
[33, 32]	250.0550086
[34, 33]	286.1068472
[35, 34]	324.1067021
[36, 35]	376.2217759
[37, 36]	213.0473841
[38, 37]	160.5969761
[39, 38]	325.2413276
[40, 39]	104.6970196
[41, 40]	223.6472711
[42, 41]	275.4244684
[43, 42]	184.3370774
[44, 43]	120.4599459
[45, 44]	134.9128382
[46, 45]	150.564519
[47, 46]	169.2782028
[48, 47]	462.5356853
[49, 48]	285.6253624
[50, 49]	18.63355982
[51, 50]	304.1926444
[52, 51]	52.14290311
[53, 52]	365.2118196
[54, 53]	169.5664309
[55, 54]	637.928416
[56, 55]	294.6064023
[57, 56]	574.6779403
[58, 57]	407.3375152
[264, 58]	448.4304342
[60, 59]	245.5974062
[61, 60]	91.49867264
[62, 61]	24.51874251
[63, 62]	151.6157817
[253, 63]	94.99160654
[78, 77]	57.70460946
[79, 78]	85.83691646
[80, 79]	236.8647596
[81, 80]	110.4191136
[82, 81]	156.6067827
[83, 82]	37.58099553
[84, 83]	78.44244977
[85, 84]	98.59418613
[86, 85]	141.7655554
[87, 86]	269.8306828
[88, 87]	549.9362019
[89, 88]	1035.985119
[90, 89]	126.4008326
[91, 90]	215.6199373
[266, 91]	373.3768546
[93, 92]	644.8321187
[190, 93]	117.9202387
[94, 190]	231.2455965
[95, 94]	189.1460616
[96, 95]	176.6107655
[97, 96]	336.6233598
[98, 97]	220.819711
[99, 98]	107.430233
[100, 99]	456.2593744
[101, 100]	331.2075957
[267, 101]	18.27698525
[127, 126]	56.7010441
[128, 127]	42.83369704
[129, 128]	233.786591
[130, 129]	93.56737486
[131, 130]	71.57554423
[132, 131]	191.3510465
[133, 132]	151.0554675
[134, 133]	107.2048853
[135, 134]	128.0821225
[136, 135]	146.3233986
[137, 136]	90.09558732
[138, 137]	63.78398046
[139, 138]	460.4317721
[140, 139]	304.4096101
[141, 140]	409.9549323
[142, 141]	77.28147772
[49, 142]	1012.416485
[239, 214]	193.6020326
[240, 239]	119.4238322
[241, 240]	171.132634
[242, 241]	263.320232
[270, 242]	315.2336677
[244, 243]	51.66491739
[245, 244]	17.36717944
[246, 245]	114.2157857
[247, 246]	84.76807455
[248, 247]	129.9797961
[249, 248]	18.98787698
[250, 249]	43.51452016
[251, 250]	115.1474612
[252, 251]	1.411853904
[253, 252]	125.1955404
[254, 253]	89.1412915
[255, 254]	102.7159629
[256, 255]	52.33901678
[257, 256]	62.19819117
[258, 257]	38.06409021
[259, 258]	126.2761935
[260, 259]	97.21198798
[261, 260]	56.48485856
[262, 261]	45.39256739
[207, 262]	67.87701582
[2, 190]	271.4473293
[3, 2]	83.42935246
[4, 3]	267.2380002
[5, 4]	180.4736274
[6, 5]	67.41821448
[7, 6]	186.8158435
[8, 7]	164.1747415
[9, 8]	90.8310035
[10, 9]	322.8090148
[11, 10]	244.0495883
[12, 11]	125.1734047
[13, 12]	182.840785
[263, 13]	102.6455779
;

# ============================================
# VEHICLE-ONLY SERVICE PARAMETERS
# (Used for baseline comparison)
# ============================================

# Node where each customer is served in vehicle-only mode
param customerServiceNode := 
1	261
2	260
3	259
4	258
5	256
6	255
7	254
8	262
9	260
10	259
11	257
12	256
13	63
14	252
15	252
16	250
17	31
18	60
19	62
20	60
21	250
22	247
23	247
24	245
25	248
26	247
27	246
28	245
29	29
30	28
31	27
32	25
33	24
34	22
35	30
36	27
37	26
38	24
39	23
40	18
41	17
42	16
43	79
44	80
45	82
46	83
47	85
48	86
49	87
50	101
51	267
52	267
53	267
54	267
55	101
56	99
57	98
58	5
59	2
60	4
61	3
62	96
63	95
64	94
65	2
66	93
67	12
68	140
69	139
70	138
71	126
72	53
73	51
74	52
75	48
76	47
77	45
78	20
79	35
80	34
81	36
82	38
83	38
84	40
85	39
86	41
87	58
88	28
89	267
90	241
91	242
92	101
93	270
94	50
95	270
96	270
97	270
98	43
99	44
100	42
101	267
102	270
103	97
104	46
;

# Service time for each customer in vehicle-only mode (minutes)
param customerVehicleServiceTime := 
1	0.388511521
2	0.405438395
3	0.424025642
4	0.423477066
5	0.403757989
6	0.413272115
7	0.408072216
8	0.431462751
9	0.407124723
10	0.41046296
11	0.427893219
12	0.390795816
13	0.379187117
14	0.475343062
15	0.419008141
16	0.42088137
17	0.438205761
18	0.364760454
19	0.425917503
20	0.406241894
21	0.441324055
22	0.432176882
23	0.449298927
24	0.465213252
25	0.397361317
26	0.404980739
27	0.419463514
28	0.42544828
29	0.417651845
30	0.438866128
31	0.445061209
32	0.426403958
33	0.430472566
34	0.447900563
35	0.420143654
36	0.413778042
37	0.404588305
38	0.413550474
39	0.409789885
40	0.438922584
41	0.440861036
42	0.320979096
43	0.346419879
44	0.311816011
45	0.314433166
46	0.385615332
47	0.33677405
48	0.363510757
49	0.37350188
50	0.385225798
51	0.351350743
52	0.303497223
53	0.389280785
54	0.386692579
55	0.363109809
56	0.303510311
57	0.295019325
58	0.290328954
59	0.320533942
60	0.433227313
61	0.320201596
62	0.390845351
63	0.355335366
64	0.440014722
65	0.309046437
66	0.392802591
67	0.378017929
68	0.420055836
69	0.411773808
70	0.442010139
71	0.27823225
72	0.402432193
73	0.389300391
74	0.31956376
75	0.333443506
76	0.356660111
77	0.390114577
78	0.384529192
79	0.355852713
80	0.341872401
81	0.281118224
82	0.374299475
83	0.264393504
84	0.363561292
85	0.344845414
86	0.341714629
87	0.368387933
88	0.427778024
89	0.29155156
90	0.359746361
91	0.387614001
92	0.343014553
93	0.32312861
94	0.372130585
95	0.310034086
96	0.340912964
97	0.404885877
98	0.350072257
99	0.293097583
100	0.276608119
101	0.333521789
102	0.394631514
103	0.273253101
104	0.28253629
;

# ============================================
# NETWORK TOPOLOGY
# ============================================

# All bidirectional road arcs
let RetainedArcs := {
    (64, 65), (65, 64), (65, 66), (66, 65), (66, 67), (67, 66), (67, 68), (68, 67), (68, 69), (69, 68), (69, 70), (70, 69), (70, 71), (71, 70), (71, 72), (72, 71), (72, 73), (73, 72), (73, 74), (74, 73), (74, 75), (75, 74), (75, 76), (76, 75), (76, 265), (265, 76), (1, 191), (191, 1), (191, 192), (192, 191), (192, 193), (193, 192), (193, 194), (194, 193), (194, 195), (195, 194), (195, 196), (196, 195), (196, 68), (68, 196), (68, 197), (197, 68), (197, 198), (198, 197), (198, 199), (199, 198), (199, 200), (200, 199), (200, 201), (201, 200), (201, 202), (202, 201), (202, 203), (203, 202), (203, 204), (204, 203), (204, 205), (205, 204), (205, 102), (102, 205), (102, 206), (206, 102), (206, 207), (207, 206), (207, 208), (208, 207), (208, 209), (209, 208), (209, 210), (210, 209), (210, 211), (211, 210), (211, 212), (212, 211), (212, 213), (213, 212), (213, 214), (214, 213), (214, 215), (215, 214), (215, 216), (216, 215), (216, 217), (217, 216), (217, 218), (218, 217), (218, 219), (219, 218), (219, 220), (220, 219), (220, 221), (221, 220), (221, 222), (222, 221), (222, 223), (223, 222), (223, 224), (224, 223), (224, 225), (225, 224), (225, 226), (226, 225), (226, 227), (227, 226), (227, 228), (228, 227), (228, 229), (229, 228), (229, 230), (230, 229), (230, 32), (32, 230), (32, 231), (231, 32), (231, 232), (232, 231), (232, 233), (233, 232), (233, 234), (234, 233), (234, 143), (143, 234), (143, 235), (235, 143), (235, 236), (236, 235), (236, 237), (237, 236), (237, 238), (238, 237), (238, 269), (269, 238), (76, 174), (174, 76), (174, 175), (175, 174), (175, 176), (176, 175), (176, 177), (177, 176), (177, 178), (178, 177), (178, 179), (179, 178), (179, 180), (180, 179), (180, 181), (181, 180), (181, 14), (14, 181), (14, 182), (182, 14), (182, 183), (183, 182), (183, 184), (184, 183), (184, 185), (185, 184), (185, 186), (186, 185), (186, 187), (187, 186), (187, 59), (59, 187), (59, 188), (188, 59), (188, 189), (189, 188), (189, 102), (102, 189), (143, 144), (144, 143), (144, 145), (145, 144), (145, 146), (146, 145), (146, 147), (147, 146), (147, 148), (148, 147), (148, 149), (149, 148), (149, 150), (150, 149), (150, 151), (151, 150), (151, 152), (152, 151), (152, 153), (153, 152), (153, 154), (154, 153), (154, 155), (155, 154), (155, 156), (156, 155), (156, 157), (157, 156), (157, 158), (158, 157), (158, 159), (159, 158), (159, 160), (160, 159), (160, 161), (161, 160), (161, 162), (162, 161), (162, 163), (163, 162), (163, 164), (164, 163), (164, 165), (165, 164), (165, 166), (166, 165), (166, 167), (167, 166), (167, 168), (168, 167), (168, 169), (169, 168), (169, 170), (170, 169), (170, 171), (171, 170), (171, 172), (172, 171), (172, 173), (173, 172), (173, 268), (268, 173), (102, 103), (103, 102), (103, 104), (104, 103), (104, 105), (105, 104), (105, 106), (106, 105), (106, 107), (107, 106), (107, 108), (108, 107), (108, 109), (109, 108), (109, 110), (110, 109), (110, 111), (111, 110), (111, 112), (112, 111), (112, 113), (113, 112), (113, 114), (114, 113), (114, 115), (115, 114), (115, 116), (116, 115), (116, 77), (77, 116), (77, 117), (117, 77), (117, 118), (118, 117), (118, 119), (119, 118), (119, 120), (120, 119), (120, 121), (121, 120), (121, 122), (122, 121), (122, 123), (123, 122), (123, 124), (124, 123), (124, 125), (125, 124), (125, 92), (92, 125), (190, 2), (2, 190), (2, 3), (3, 2), (3, 4), (4, 3), (4, 5), (5, 4), (5, 6), (6, 5), (6, 7), (7, 6), (7, 8), (8, 7), (8, 9), (9, 8), (9, 10), (10, 9), (10, 11), (11, 10), (11, 12), (12, 11), (12, 13), (13, 12), (13, 263), (263, 13), (14, 15), (15, 14), (15, 16), (16, 15), (16, 17), (17, 16), (17, 18), (18, 17), (18, 19), (19, 18), (19, 20), (20, 19), (20, 21), (21, 20), (21, 243), (243, 21), (19, 22), (22, 19), (22, 23), (23, 22), (23, 24), (24, 23), (24, 25), (25, 24), (25, 26), (26, 25), (26, 27), (27, 26), (27, 28), (28, 27), (28, 29), (29, 28), (29, 30), (30, 29), (30, 31), (31, 30), (31, 61), (61, 31), (32, 33), (33, 32), (33, 34), (34, 33), (34, 35), (35, 34), (35, 36), (36, 35), (36, 37), (37, 36), (37, 38), (38, 37), (38, 39), (39, 38), (39, 40), (40, 39), (40, 41), (41, 40), (41, 42), (42, 41), (42, 43), (43, 42), (43, 44), (44, 43), (44, 45), (45, 44), (45, 46), (46, 45), (46, 47), (47, 46), (47, 48), (48, 47), (48, 49), (49, 48), (49, 50), (50, 49), (50, 51), (51, 50), (51, 52), (52, 51), (52, 53), (53, 52), (53, 54), (54, 53), (54, 55), (55, 54), (55, 56), (56, 55), (56, 57), (57, 56), (57, 58), (58, 57), (58, 264), (264, 58), (59, 60), (60, 59), (60, 61), (61, 60), (61, 62), (62, 61), (62, 63), (63, 62), (63, 253), (253, 63), (77, 78), (78, 77), (78, 79), (79, 78), (79, 80), (80, 79), (80, 81), (81, 80), (81, 82), (82, 81), (82, 83), (83, 82), (83, 84), (84, 83), (84, 85), (85, 84), (85, 86), (86, 85), (86, 87), (87, 86), (87, 88), (88, 87), (88, 89), (89, 88), (89, 90), (90, 89), (90, 91), (91, 90), (91, 266), (266, 91), (92, 93), (93, 92), (93, 190), (190, 93), (190, 94), (94, 190), (94, 95), (95, 94), (95, 96), (96, 95), (96, 97), (97, 96), (97, 98), (98, 97), (98, 99), (99, 98), (99, 100), (100, 99), (100, 101), (101, 100), (101, 267), (267, 101), (126, 127), (127, 126), (127, 128), (128, 127), (128, 129), (129, 128), (129, 130), (130, 129), (130, 131), (131, 130), (131, 132), (132, 131), (132, 133), (133, 132), (133, 134), (134, 133), (134, 135), (135, 134), (135, 136), (136, 135), (136, 137), (137, 136), (137, 138), (138, 137), (138, 139), (139, 138), (139, 140), (140, 139), (140, 141), (141, 140), (141, 142), (142, 141), (142, 49), (49, 142), (214, 239), (239, 214), (239, 240), (240, 239), (240, 241), (241, 240), (241, 242), (242, 241), (242, 270), (270, 242), (243, 244), (244, 243), (244, 245), (245, 244), (245, 246), (246, 245), (246, 247), (247, 246), (247, 248), (248, 247), (248, 249), (249, 248), (249, 250), (250, 249), (250, 251), (251, 250), (251, 252), (252, 251), (252, 253), (253, 252), (253, 254), (254, 253), (254, 255), (255, 254), (255, 256), (256, 255), (256, 257), (257, 256), (257, 258), (258, 257), (258, 259), (259, 258), (259, 260), (260, 259), (260, 261), (261, 260), (261, 262), (262, 261), (262, 207), (207, 262)
};

# Secondary/low-speed arcs eligible for drone operations  
let AL := {
(190, 2), (2, 190), (2, 3), (3, 2), (3, 4), (4, 3), (4, 5), (5, 4), (5, 6), (6, 5), (6, 7), (7, 6), (7, 8), (8, 7), (8, 9), (9, 8), (9, 10), (10, 9), (10, 11), (11, 10), (11, 12), (12, 11), (12, 13), (13, 12), (13, 263), (263, 13), (14, 15), (15, 14), (15, 16), (16, 15), (16, 17), (17, 16), (17, 18), (18, 17), (18, 19), (19, 18), (19, 20), (20, 19), (20, 21), (21, 20), (21, 243), (243, 21), (19, 22), (22, 19), (22, 23), (23, 22), (23, 24), (24, 23), (24, 25), (25, 24), (25, 26), (26, 25), (26, 27), (27, 26), (27, 28), (28, 27), (28, 29), (29, 28), (29, 30), (30, 29), (30, 31), (31, 30), (31, 61), (61, 31), (32, 33), (33, 32), (33, 34), (34, 33), (34, 35), (35, 34), (35, 36), (36, 35), (36, 37), (37, 36), (37, 38), (38, 37), (38, 39), (39, 38), (39, 40), (40, 39), (40, 41), (41, 40), (41, 42), (42, 41), (42, 43), (43, 42), (43, 44), (44, 43), (44, 45), (45, 44), (45, 46), (46, 45), (46, 47), (47, 46), (47, 48), (48, 47), (48, 49), (49, 48), (49, 50), (50, 49), (50, 51), (51, 50), (51, 52), (52, 51), (52, 53), (53, 52), (53, 54), (54, 53), (54, 55), (55, 54), (55, 56), (56, 55), (56, 57), (57, 56), (57, 58), (58, 57), (58, 264), (264, 58), (59, 60), (60, 59), (60, 61), (61, 60), (61, 62), (62, 61), (62, 63), (63, 62), (63, 253), (253, 63), (77, 78), (78, 77), (78, 79), (79, 78), (79, 80), (80, 79), (80, 81), (81, 80), (81, 82), (82, 81), (82, 83), (83, 82), (83, 84), (84, 83), (84, 85), (85, 84), (85, 86), (86, 85), (86, 87), (87, 86), (87, 88), (88, 87), (88, 89), (89, 88), (89, 90), (90, 89), (90, 91), (91, 90), (91, 266), (266, 91), (92, 93), (93, 92), (93, 190), (190, 93), (190, 94), (94, 190), (94, 95), (95, 94), (95, 96), (96, 95), (96, 97), (97, 96), (97, 98), (98, 97), (98, 99), (99, 98), (99, 100), (100, 99), (100, 101), (101, 100), (101, 267), (267, 101), (125, 92), (92, 125), (126, 127), (127, 126), (127, 128), (128, 127), (128, 129), (129, 128), (129, 130), (130, 129), (130, 131), (131, 130), (131, 132), (132, 131), (132, 133), (133, 132), (133, 134), (134, 133), (134, 135), (135, 134), (135, 136), (136, 135), (136, 137), (137, 136), (137, 138), (138, 137), (138, 139), (139, 138), (139, 140), (140, 139), (140, 141), (141, 140), (141, 142), (142, 141), (142, 49), (49, 142), (214, 239), (239, 214), (239, 240), (240, 239), (240, 241), (241, 240), (241, 242), (242, 241), (242, 270), (270, 242), (243, 244), (244, 243), (244, 245), (245, 244), (245, 246), (246, 245), (246, 247), (247, 246), (247, 248), (248, 247), (248, 249), (249, 248), (249, 250), (250, 249), (250, 251), (251, 250), (251, 252), (252, 251), (252, 253), (253, 252), (253, 254), (254, 253), (254, 255), (255, 254), (255, 256), (256, 255), (256, 257), (257, 256), (257, 258), (258, 257), (258, 259), (259, 258), (259, 260), (260, 259), (260, 261), (261, 260), (261, 262), (262, 261), (262, 207), (207, 262)
};

# Primary road arcs (derived as RetainedArcs - AL)
let Arcs := {};