#Road network nodes
#Node Number, Y coordinate, X Coordinate
1	-81.836176398	36.881924857
2	-81.836427352	36.881796807
3	-81.837744283	36.880639187
4	-81.837970996	36.880336183
5	-81.838086368	36.880022756
6	-81.838203182	36.879704338
7	-81.838399555	36.879502255
8	-81.838761752	36.879336679
9	-81.839118615	36.879283939
10	-81.839776531	36.879230189
11	-81.840294520	36.879106905
12	-81.840642309	36.878847601
13	-81.840767378	36.878692509
14	-81.841008999	36.878171559
15	-81.841269286	36.877549042
16	-81.841675536	36.876972649
17	-81.842050726	36.876573134
18	-81.842474569	36.876254636
19	-81.842960492	36.875948118
20	-81.843407943	36.875749647
21	-81.843719876	36.875624238
22	-81.844337609	36.875292596
23	-81.844709438	36.875145243
24	-81.845286425	36.874933039
25	-81.846396707	36.874324360
26	-81.846645870	36.874188665
27	-81.846841746	36.874053918
28	-81.847374890	36.873732282
29	-81.847970951	36.873529396
30	-81.848423162	36.873456435
31	-81.849082775	36.873442431
32	-81.849927906	36.873599662
33	-81.850780172	36.873767111
34	-81.852561763	36.874138825
35	-81.853430863	36.874143560
36	-81.853862172	36.874226748
37	-81.854370949	36.874328215
38	-81.854850078	36.874365499
39	-81.855269646	36.874423225
40	-81.855594751	36.874495386
41	-81.855960750	36.874494554
42	-81.856678741	36.874331111
43	-81.856880858	36.874337706
44	-81.856953731	36.874361046
45	-81.857076676	36.874424158
46	-81.857697272	36.874727617
47	-81.857799364	36.874762192
48	-81.858640478	36.874984111
49	-81.859393049	36.874981478
50	-81.859829094	36.874864914
51	-81.860631362	36.874443563
52	-81.860971231	36.874271711
53	-81.861026247	36.874243892
54	-81.861565751	36.873990031
55	-81.862192393	36.873849799
56	-81.862680041	36.873815228
57	-81.863489816	36.873870369
58	-81.864066509	36.873838046
59	-81.865688574	36.873619798
60	-81.867725491	36.873268713
61	-81.854204073	36.882882516
62	-81.854137990	36.882626061
63	-81.854211152	36.882380221
64	-81.847237124	36.876577983
65	-81.847174478	36.876011562
66	-81.846967168	36.875422450
67	-81.846861812	36.874585834
68	-81.846736183	36.874297410
69	-81.840710235	36.886471745
70	-81.840352546	36.885515708
71	-81.839882675	36.884657021
72	-81.854306218	36.882098383
73	-81.854423364	36.881962428
74	-81.854623424	36.881844041
75	-81.854688681	36.881772778
76	-81.854663030	36.881579752
77	-81.854481585	36.881345140
78	-81.853739718	36.880970565
79	-81.853563713	36.880858784
80	-81.853177764	36.880486406
81	-81.852984430	36.880369631
82	-81.852684463	36.880317046
83	-81.851903260	36.880199046
84	-81.851277785	36.879817281
85	-81.839118615	36.879283939
86	-81.839519818	36.878683705
87	-81.839724559	36.878283505
88	-81.840082891	36.876943800
89	-81.856880858	36.874337706
90	-81.856910901	36.874321095
91	-81.857512751	36.873929379
92	-81.857802244	36.873668941
93	-81.857883607	36.873497592
94	-81.841911668	36.883817581
95	-81.841792548	36.883676689
96	-81.841217363	36.883279426
97	-81.840753261	36.882685243
98	-81.840584228	36.882343071
99	-81.840338942	36.881434856
100	-81.840179906	36.881164539
101	-81.839970994	36.880848921
102	-81.840072934	36.880134210
103	-81.839985553	36.879859118
104	-81.839794581	36.879562234
105	-81.850106700	36.879273385
106	-81.850063006	36.878981238
107	-81.850194588	36.878630513
108	-81.850367030	36.878506729
109	-81.850582252	36.878422267
110	-81.851037227	36.879660456
111	-81.850806133	36.879505817
112	-81.850460614	36.879307950
113	-81.850159691	36.879270490
114	-81.843142471	36.890159393
115	-81.843079258	36.889734521
116	-81.842956555	36.889357348
117	-81.842753712	36.888947435
118	-81.842561889	36.888709665
119	-81.842373996	36.888561113
120	-81.841572334	36.888149673
121	-81.841237674	36.887465933
122	-81.841248665	36.887093904
123	-81.841564590	36.886266593
124	-81.841801476	36.885412604
125	-81.841836519	36.885060663
126	-81.841941338	36.883947298
127	-81.846841746	36.874053918
128	-81.846713444	36.873859699
129	-81.846119354	36.871921522
130	-81.839737515	36.884401600
131	-81.839605856	36.884053556
132	-81.839643559	36.883355779
133	-81.839323861	36.881613490
134	-81.839286500	36.880765320
135	-81.850106700	36.879273385
136	-81.849899597	36.879309529
137	-81.849653570	36.879315851
138	-81.849424569	36.879243362
139	-81.849248788	36.879136377
140	-81.848997007	36.878898383
141	-81.848566726	36.878565619
142	-81.848213583	36.878392925
143	-81.848114149	36.878310542
144	-81.847821956	36.877813873
145	-81.847530980	36.877422290
146	-81.847347353	36.877059931
147	-81.847263615	36.876701034
148	-81.846094570	36.871851110
149	-81.845689832	36.870659495
150	-81.845624376	36.870481023
151	-81.845264622	36.869787390
152	-81.845126747	36.869608557
153	-81.844443505	36.869008262
154	-81.843072704	36.867942462
155	-81.842005470	36.867320789
156	-81.841482319	36.866937175
157	-81.840676782	36.865888921
;

#Node, Node, Distance (Feet)
2	1	638.0726423
3	2	86.95509912
4	3	570.9758479
5	4	128.7167529
6	5	119.0012555
7	6	120.863535
8	7	93.34157272
9	8	121.8918441
10	9	106.131837
11	10	193.4291187
12	11	158.0182869
13	12	138.7864258
14	13	67.28202733
15	14	202.4128095
16	15	239.0988351
17	16	241.1672208
18	17	182.2156724
19	18	169.7569937
20	19	180.7131497
21	20	149.505923
22	21	102.0300429
23	22	217.3242559
24	23	121.2758753
25	24	185.6185804
26	25	393.1784121
27	26	88.0505684
28	27	75.43073219
29	28	195.0250431
30	29	189.3596398
31	30	134.9200211
32	31	193.0149151
33	32	253.7560104
35	33	256.647458
36	35	538.4276668
37	36	254.2294746
38	37	129.7484082
39	38	153.3407382
40	39	140.8072869
41	40	124.5156169
42	41	98.65988602
43	42	107.059645
44	43	218.2893579
45	44	22.94773932
46	45	42.67728802
47	46	212.5115898
48	47	32.40791543
49	48	258.9627242
50	49	220.1369762
51	50	134.4232277
52	51	280.3678463
53	52	117.4672339
54	53	19.01504197
55	54	182.8874464
56	55	190.2798823
57	56	143.1985465
58	57	237.7204589
59	58	169.1012275
60	59	481.086622
61	60	609.3890065
34	62	10.66798348
62	63	226.570201
63	64	127.1312697
64	65	66.77239969
65	66	168.2689907
72	67	107.1335447
67	68	133.3702119
68	69	67.64069536
69	70	70.06151981
70	71	64.09319053
73	74	95.35282475
74	75	92.03084532
75	81	106.3155428
76	77	207.0420023
77	78	222.8982186
78	79	306.1603419
79	80	111.2570556
80	27	47.59747004
81	82	60.20169079
82	83	72.67648206
83	84	32.21044228
84	85	70.67866358
85	86	100.563877
86	87	256.2861485
87	88	65.62392165
88	89	176.4231907
89	90	70.7487556
90	91	89.80203208
91	92	232.4983278
92	93	229.7599129
93	94	90.6145438
94	95	87.97089401
95	96	124.1111579
96	97	89.06862663
97	72	15.53535394
72	98	61.98934061
98	99	71.99821217
99	100	71.99366086
100	101	64.50418661
101	102	113.7193012
102	103	174.6957352
103	104	120.9254813
104	105	41.78028974
105	106	200.0129218
106	107	166.0442615
107	108	142.4464279
108	109	132.9474148
109	76	45.46707496
110	111	363.4664624
111	112	341.5117145
112	116	102.2296608
10	113	248.0544941
113	114	157.5363184
114	115	498.9101895
115	121	65.30253539
116	117	132.4417729
117	118	254.2947389
118	119	641.2091229
119	120	309.0056803
120	10	541.5904307
122	123	62.01028657
123	124	221.8600624
124	125	255.3967213
125	126	134.0334801
126	127	338.3673974
127	128	108.859099
128	129	130.1498459
129	130	261.9235626
130	131	103.3684334
131	132	121.6727087
132	11	121.0103062
133	134	155.793705
134	135	141.9372854
135	136	160.6041687
136	137	103.1584045
137	138	77.1036706
138	139	278.2252232
139	140	267.4941717
140	141	135.491272
141	142	315.0707581
142	143	318.5564993
143	144	128.5484195
144	145	406.525749
145	122	48.01962077
28	146	80.05578621
146	147	726.7580741
147	148	26.64184705
148	149	449.7219827
149	150	67.74261051
150	151	273.5958575
151	152	76.59144288
152	153	296.1716987
153	154	558.0225647
154	155	385.6238302
155	156	207.1955562
156	157	448.5507007
157	158	796.8329335
1	2	638.0726423
2	3	86.95509912
3	4	570.9758479
4	5	128.7167529
5	6	119.0012555
6	7	120.863535
7	8	93.34157272
8	9	121.8918441
9	10	106.131837
10	11	193.4291187
11	12	158.0182869
12	13	138.7864258
13	14	67.28202733
14	15	202.4128095
15	16	239.0988351
16	17	241.1672208
17	18	182.2156724
18	19	169.7569937
19	20	180.7131497
20	21	149.505923
21	22	102.0300429
22	23	217.3242559
23	24	121.2758753
24	25	185.6185804
25	26	393.1784121
26	27	88.0505684
27	28	75.43073219
28	29	195.0250431
29	30	189.3596398
30	31	134.9200211
31	32	193.0149151
32	33	253.7560104
33	35	256.647458
35	36	538.4276668
36	37	254.2294746
37	38	129.7484082
38	39	153.3407382
39	40	140.8072869
40	41	124.5156169
41	42	98.65988602
42	43	107.059645
43	44	218.2893579
44	45	22.94773932
45	46	42.67728802
46	47	212.5115898
47	48	32.40791543
48	49	258.9627242
49	50	220.1369762
50	51	134.4232277
51	52	280.3678463
52	53	117.4672339
53	54	19.01504197
54	55	182.8874464
55	56	190.2798823
56	57	143.1985465
57	58	237.7204589
58	59	169.1012275
59	60	481.086622
60	61	609.3890065
62	34	10.66798348
63	62	226.570201
64	63	127.1312697
65	64	66.77239969
66	65	168.2689907
67	72	107.1335447
68	67	133.3702119
69	68	67.64069536
70	69	70.06151981
71	70	64.09319053
74	73	95.35282475
75	74	92.03084532
81	75	106.3155428
77	76	207.0420023
78	77	222.8982186
79	78	306.1603419
80	79	111.2570556
27	80	47.59747004
82	81	60.20169079
83	82	72.67648206
84	83	32.21044228
85	84	70.67866358
86	85	100.563877
87	86	256.2861485
88	87	65.62392165
89	88	176.4231907
90	89	70.7487556
91	90	89.80203208
92	91	232.4983278
93	92	229.7599129
94	93	90.6145438
95	94	87.97089401
96	95	124.1111579
97	96	89.06862663
72	97	15.53535394
98	72	61.98934061
99	98	71.99821217
100	99	71.99366086
101	100	64.50418661
102	101	113.7193012
103	102	174.6957352
104	103	120.9254813
105	104	41.78028974
106	105	200.0129218
107	106	166.0442615
108	107	142.4464279
109	108	132.9474148
76	109	45.46707496
111	110	363.4664624
112	111	341.5117145
116	112	102.2296608
113	10	248.0544941
114	113	157.5363184
115	114	498.9101895
121	115	65.30253539
117	116	132.4417729
118	117	254.2947389
119	118	641.2091229
120	119	309.0056803
10	120	541.5904307
123	122	62.01028657
124	123	221.8600624
125	124	255.3967213
126	125	134.0334801
127	126	338.3673974
128	127	108.859099
129	128	130.1498459
130	129	261.9235626
131	130	103.3684334
132	131	121.6727087
11	132	121.0103062
134	133	155.793705
135	134	141.9372854
136	135	160.6041687
137	136	103.1584045
138	137	77.1036706
139	138	278.2252232
140	139	267.4941717
141	140	135.491272
142	141	315.0707581
143	142	318.5564993
144	143	128.5484195
145	144	406.525749
122	145	48.01962077
146	28	80.05578621
147	146	726.7580741
148	147	26.64184705
149	148	449.7219827
150	149	67.74261051
151	150	273.5958575
152	151	76.59144288
153	152	296.1716987
154	153	558.0225647
155	154	385.6238302
156	155	207.1955562
157	156	448.5507007
158	157	796.8329335
34	44	59.17057732
44	34	59.17057732
;

#All arcs in the road network
{(122, 123), (123, 124), (124, 125), (125, 126), (126, 127), (127, 128), (128, 129), (129, 130), (130, 131), (131, 132), (132, 11), (133, 134), (134, 135), (135, 136), (136, 137), (137, 138), (138, 139), (139, 140), (140, 141), (141, 142), (142, 143), (143, 144), (144, 145), (145, 122), (28, 146), (146, 147), (147, 148), (148, 149), (149, 150), (150, 151), (151, 152), (152, 153), (153, 154), (154, 155), (155, 156), (156, 157), (157, 158), (123, 122), (124, 123), (125, 124), (126, 125), (127, 126), (128, 127), (129, 128), (130, 129), (131, 130), (132, 131), (11, 132), (134, 133), (135, 134), (136, 135), (137, 136), (138, 137), (139, 138), (140, 139), (141, 140), (142, 141), (143, 142), (144, 143), (145, 144), (122, 145), (146, 28), (147, 146), (148, 147), (149, 148), (150, 149), (151, 150), (152, 151), (153, 152), (154, 153), (155, 154), (156, 155), (157, 156), (158, 157), (73, 74), (74, 75), (75, 81), (76, 77), (77, 78), (78, 79), (79, 80), (80, 27), (81, 82), (82, 83), (83, 84), (84, 85), (85, 86), (86, 87), (87, 88), (88, 89), (89, 90), (90, 91), (91, 92), (92, 93), (93, 94), (94, 95), (95, 96), (96, 97), (97, 72), (72, 98), (98, 99), (99, 100), (100, 101), (101, 102), (102, 103), (103, 104), (104, 105), (105, 106), (106, 107), (107, 108), (108, 109), (109, 76), (74, 73), (75, 74), (81, 75), (77, 76), (78, 77), (79, 78), (80, 79), (27, 80), (82, 81), (83, 82), (84, 83), (85, 84), (86, 85), (87, 86), (88, 87), (89, 88), (90, 89), (91, 90), (92, 91), (93, 92), (94, 93), (95, 94), (96, 95), (97, 96), (72, 97), (98, 72), (99, 98), (100, 99), (101, 100), (102, 101), (103, 102), (104, 103), (105, 104), (106, 105), (107, 106), (108, 107), (109, 108), (76, 109), (110, 111), (111, 112), (112, 116), (10, 113), (113, 114), (114, 115), (115, 121), (116, 117), (117, 118), (118, 119), (119, 120), (120, 10), (111, 110), (112, 111), (116, 112), (113, 10), (114, 113), (115, 114), (121, 115), (117, 116), (118, 117), (119, 118), (120, 119), (10, 120), (72, 67), (67, 68), (68, 69), (69, 70), (70, 71), (67, 72), (68, 67), (69, 68), (70, 69), (71, 70), (34, 62), (62, 63), (63, 64), (64, 65), (65, 66), (62, 34), (63, 62), (64, 63), (65, 64), (66, 65), (2, 1), (3, 2), (4, 3), (5, 4), (6, 5), (7, 6), (8, 7), (9, 8), (10, 9), (11, 10), (12, 11), (13, 12), (14, 13), (15, 14), (16, 15), (17, 16), (18, 17), (19, 18), (20, 19), (21, 20), (22, 21), (23, 22), (24, 23), (25, 24), (26, 25), (27, 26), (28, 27), (29, 28), (30, 29), (31, 30), (32, 31), (33, 32), (35, 33), (36, 35), (37, 36), (38, 37), (39, 38), (40, 39), (41, 40), (42, 41), (43, 42), (44, 43), (45, 44), (46, 45), (47, 46), (48, 47), (49, 48), (50, 49), (51, 50), (52, 51), (53, 52), (54, 53), (55, 54), (56, 55), (57, 56), (58, 57), (59, 58), (60, 59), (61, 60), (1, 2), (2, 3), (3, 4), (4, 5), (5, 6), (6, 7), (7, 8), (8, 9), (9, 10), (10, 11), (11, 12), (12, 13), (13, 14), (14, 15), (15, 16), (16, 17), (17, 18), (18, 19), (19, 20), (20, 21), (21, 22), (22, 23), (23, 24), (24, 25), (25, 26), (26, 27), (27, 28), (28, 29), (29, 30), (30, 31), (31, 32), (32, 33), (33, 35), (35, 36), (36, 37), (37, 38), (38, 39), (39, 40), (40, 41), (41, 42), (42, 43), (43, 44), (44, 45), (45, 46), (46, 47), (47, 48), (48, 49), (49, 50), (50, 51), (51, 52), (52, 53), (53, 54), (54, 55), (55, 56), (56, 57), (57, 58), (58, 59), (59, 60), (60, 61), (34, 44), (44, 34)};

#Low-speed road network arcs
{(122, 123), (123, 124), (124, 125), (125, 126), (126, 127), (127, 128), (128, 129), (129, 130), (130, 131), (131, 132), (133, 134), (134, 135), (135, 136), (136, 137), (137, 138), (138, 139), (139, 140), (140, 141), (141, 142), (142, 143), (143, 144), (144, 145), (145, 122), (146, 147), (147, 148), (148, 149), (149, 150), (150, 151), (151, 152), (152, 153), (153, 154), (154, 155), (155, 156), (156, 157), (157, 158), (123, 122), (124, 123), (125, 124), (126, 125), (127, 126), (128, 127), (129, 128), (130, 129), (131, 130), (132, 131), (134, 133), (135, 134), (136, 135), (137, 136), (138, 137), (139, 138), (140, 139), (141, 140), (142, 141), (143, 142), (144, 143), (145, 144), (122, 145), (147, 146), (148, 147), (149, 148), (150, 149), (151, 150), (152, 151), (153, 152), (154, 153), (155, 154), (156, 155), (157, 156), (158, 157), (73, 74), (74, 75), (75, 81), (76, 77), (77, 78), (78, 79), (79, 80), (81, 82), (82, 83), (83, 84), (84, 85), (85, 86), (86, 87), (87, 88), (88, 89), (89, 90), (90, 91), (91, 92), (92, 93), (93, 94), (94, 95), (95, 96), (96, 97), (97, 72), (72, 98), (98, 99), (99, 100), (100, 101), (101, 102), (102, 103), (103, 104), (104, 105), (105, 106), (106, 107), (107, 108), (108, 109), (109, 76), (74, 73), (75, 74), (81, 75), (77, 76), (78, 77), (79, 78), (80, 79), (82, 81), (83, 82), (84, 83), (85, 84), (86, 85), (87, 86), (88, 87), (89, 88), (90, 89), (91, 90), (92, 91), (93, 92), (94, 93), (95, 94), (96, 95), (97, 96), (72, 97), (98, 72), (99, 98), (100, 99), (101, 100), (102, 101), (103, 102), (104, 103), (105, 104), (106, 105), (107, 106), (108, 107), (109, 108), (76, 109), (110, 111), (111, 112), (112, 116), (113, 114), (114, 115), (115, 121), (116, 117), (117, 118), (118, 119), (119, 120), (111, 110), (112, 111), (116, 112), (114, 113), (115, 114), (121, 115), (117, 116), (118, 117), (119, 118), (120, 119), (67, 68), (68, 69), (69, 70), (70, 71), (68, 67), (69, 68), (70, 69), (71, 70), (62, 63), (63, 64), (64, 65), (65, 66), (63, 62), (64, 63), (65, 64), (66, 65)};